date,district,state,latitude,longitude,ndvi,cloud_cover,data_source
2024-10-01,Kolhapur,Maharashtra,16.705,74.2433,0.5508984777653162,6.379723490923185,synthetic_climate_based
2024-10-02,Kolhapur,Maharashtra,16.705,74.2433,0.5223649052035979,4.830832857399081,synthetic_climate_based
2024-10-03,Kolhapur,Maharashtra,16.705,74.2433,0.5112336597715771,0.7088810985161131,synthetic_climate_based
2024-10-04,Kolhapur,Maharashtra,16.705,74.2433,0.6473088025301365,4.588603648777428,synthetic_climate_based
2024-10-05,Kolhapur,Maharashtra,16.705,74.2433,0.5795087442428036,14.67446079617259,synthetic_climate_based
2024-10-06,Kolhapur,Maharashtra,16.705,74.2433,0.47389234003247827,3.656816101335224,synthetic_climate_based
2024-10-07,Kolhapur,Maharashtra,16.705,74.2433,0.520986543761485,9.396434948115836,synthetic_climate_based
2024-10-08,Kolhapur,Maharashtra,16.705,74.2433,0.491580707365586,2.910998988576629,synthetic_climate_based
2024-10-09,Kolhapur,Maharashtra,16.705,74.2433,0.4651474032441311,2.460232414955563,synthetic_climate_based
2024-10-10,Kolhapur,Maharashtra,16.705,74.2433,0.5176152375052283,8.1481445058787,synthetic_climate_based
2024-10-11,Kolhapur,Maharashtra,16.705,74.2433,0.5191269348373151,11.13450989978259,synthetic_climate_based
2024-10-12,Kolhapur,Maharashtra,16.705,74.2433,0.5224608722301594,12.44191732428128,synthetic_climate_based
2024-10-13,Kolhapur,Maharashtra,16.705,74.2433,0.46559020379880467,12.409694668722764,synthetic_climate_based
2024-10-14,Kolhapur,Maharashtra,16.705,74.2433,0.5451354140959864,10.674496614720162,synthetic_climate_based
2024-10-15,Kolhapur,Maharashtra,16.705,74.2433,0.49505348297123525,3.348706173511501,synthetic_climate_based
2024-10-16,Kolhapur,Maharashtra,16.705,74.2433,0.5517321257667515,14.936832240569496,synthetic_climate_based
2024-10-17,Kolhapur,Maharashtra,16.705,74.2433,0.5109830922226135,12.605219611474512,synthetic_climate_based
2024-10-18,Kolhapur,Maharashtra,16.705,74.2433,0.4518926603910482,0.14872105660525936,synthetic_climate_based
2024-10-19,Kolhapur,Maharashtra,16.705,74.2433,0.6580478016581184,1.8373947382555418,synthetic_climate_based
2024-10-20,Kolhapur,Maharashtra,16.705,74.2433,0.450715712458656,5.109198130905732,synthetic_climate_based
2024-10-21,Kolhapur,Maharashtra,16.705,74.2433,0.4837405537939095,3.053046569730855,synthetic_climate_based
2024-10-22,Kolhapur,Maharashtra,16.705,74.2433,0.6611021115543049,7.646616348829937,synthetic_climate_based
2024-10-23,Kolhapur,Maharashtra,16.705,74.2433,0.5008272118956753,4.775408129678219,synthetic_climate_based
2024-10-24,Kolhapur,Maharashtra,16.705,74.2433,0.44611723807650083,2.5554684266536443,synthetic_climate_based
2024-10-25,Kolhapur,Maharashtra,16.705,74.2433,0.4575482531471798,0.7107268907417347,synthetic_climate_based
2024-10-26,Kolhapur,Maharashtra,16.705,74.2433,0.48363056519257097,4.674742177324444,synthetic_climate_based
2024-10-27,Kolhapur,Maharashtra,16.705,74.2433,0.515801990802751,7.270267665769121,synthetic_climate_based
2024-10-28,Kolhapur,Maharashtra,16.705,74.2433,0.4927912345948104,10.128350049064338,synthetic_climate_based
2024-10-29,Kolhapur,Maharashtra,16.705,74.2433,0.44265462276647954,7.527720406102326,synthetic_climate_based
2024-10-30,Kolhapur,Maharashtra,16.705,74.2433,0.4454697139231049,0.9904598255713587,synthetic_climate_based
2024-10-31,Kolhapur,Maharashtra,16.705,74.2433,0.458004379537069,11.660513049403248,synthetic_climate_based
2024-11-01,Kolhapur,Maharashtra,16.705,74.2433,0.5532987383422254,13.584725487605013,synthetic_climate_based
2024-11-02,Kolhapur,Maharashtra,16.705,74.2433,0.4573694046350771,13.117524490222673,synthetic_climate_based
2024-11-03,Kolhapur,Maharashtra,16.705,74.2433,0.4091206543695317,2.6213583598006736,synthetic_climate_based
2024-11-04,Kolhapur,Maharashtra,16.705,74.2433,0.4884897304065429,14.973149471765309,synthetic_climate_based
2024-11-05,Kolhapur,Maharashtra,16.705,74.2433,0.5226730649069766,13.780427727943442,synthetic_climate_based
2024-11-06,Kolhapur,Maharashtra,16.705,74.2433,0.5043985079724989,10.62278404709174,synthetic_climate_based
2024-11-07,Kolhapur,Maharashtra,16.705,74.2433,0.3722583268512556,12.257930640143504,synthetic_climate_based
2024-11-08,Kolhapur,Maharashtra,16.705,74.2433,0.41599214283581576,12.907998409173976,synthetic_climate_based
2024-11-09,Kolhapur,Maharashtra,16.705,74.2433,0.3964357106452252,9.599446893232914,synthetic_climate_based
2024-11-10,Kolhapur,Maharashtra,16.705,74.2433,0.5389659663132469,12.913245957288268,synthetic_climate_based
2024-11-11,Kolhapur,Maharashtra,16.705,74.2433,0.4225808068679815,14.9074045109894,synthetic_climate_based
2024-11-12,Kolhapur,Maharashtra,16.705,74.2433,0.4759753738004994,5.91596182483084,synthetic_climate_based
2024-11-13,Kolhapur,Maharashtra,16.705,74.2433,0.3483616459966552,1.7125573744361984,synthetic_climate_based
2024-11-14,Kolhapur,Maharashtra,16.705,74.2433,0.33098194135782094,14.206763350097658,synthetic_climate_based
2024-11-15,Kolhapur,Maharashtra,16.705,74.2433,0.4137854385997693,3.4895249971885844,synthetic_climate_based
2024-11-16,Kolhapur,Maharashtra,16.705,74.2433,0.38624373877476226,0.050473720468160455,synthetic_climate_based
2024-11-17,Kolhapur,Maharashtra,16.705,74.2433,0.5050966374616946,14.595114667397134,synthetic_climate_based
2024-11-18,Kolhapur,Maharashtra,16.705,74.2433,0.4436380602852362,7.9838975785436,synthetic_climate_based
2024-11-19,Kolhapur,Maharashtra,16.705,74.2433,0.5143789977395828,8.659820580629905,synthetic_climate_based
2024-11-20,Kolhapur,Maharashtra,16.705,74.2433,0.3767652990019026,14.943126149628801,synthetic_climate_based
2024-11-21,Kolhapur,Maharashtra,16.705,74.2433,0.47585819098425747,5.036625890206569,synthetic_climate_based
2024-11-22,Kolhapur,Maharashtra,16.705,74.2433,0.48197712233639434,5.663430911301267,synthetic_climate_based
2024-11-23,Kolhapur,Maharashtra,16.705,74.2433,0.4741120380975801,2.8539233899218006,synthetic_climate_based
2024-11-24,Kolhapur,Maharashtra,16.705,74.2433,0.3995686274988177,6.053972040217049,synthetic_climate_based
2024-11-25,Kolhapur,Maharashtra,16.705,74.2433,0.40117458070611084,12.27116668522926,synthetic_climate_based
2024-11-26,Kolhapur,Maharashtra,16.705,74.2433,0.396635498306184,8.255598838509822,synthetic_climate_based
2024-11-27,Kolhapur,Maharashtra,16.705,74.2433,0.398320141315115,12.588939292268876,synthetic_climate_based
2024-11-28,Kolhapur,Maharashtra,16.705,74.2433,0.4840217819230719,14.435845120273752,synthetic_climate_based
2024-11-29,Kolhapur,Maharashtra,16.705,74.2433,0.5050430585753432,12.351765156835736,synthetic_climate_based
2024-11-30,Kolhapur,Maharashtra,16.705,74.2433,0.3845499856932447,4.761599423014078,synthetic_climate_based
2024-12-01,Kolhapur,Maharashtra,16.705,74.2433,0.4856898449346586,10.806039185159943,synthetic_climate_based
2024-12-02,Kolhapur,Maharashtra,16.705,74.2433,0.4147459408460472,12.320307383840717,synthetic_climate_based
2024-12-03,Kolhapur,Maharashtra,16.705,74.2433,0.38498114226365476,5.571996747340623,synthetic_climate_based
2024-12-04,Kolhapur,Maharashtra,16.705,74.2433,0.3522340336123222,9.937204843385086,synthetic_climate_based
2024-12-05,Kolhapur,Maharashtra,16.705,74.2433,0.39895858442905624,8.943454395554738,synthetic_climate_based
2024-12-06,Kolhapur,Maharashtra,16.705,74.2433,0.49927793904963047,0.41248690013830747,synthetic_climate_based
2024-12-07,Kolhapur,Maharashtra,16.705,74.2433,0.3739648483990287,12.393916517072277,synthetic_climate_based
2024-12-08,Kolhapur,Maharashtra,16.705,74.2433,0.4181196878182944,13.871705056715644,synthetic_climate_based
2024-12-09,Kolhapur,Maharashtra,16.705,74.2433,0.464824673326244,7.02851674182038,synthetic_climate_based
2024-12-10,Kolhapur,Maharashtra,16.705,74.2433,0.45918566280963463,6.256431988210251,synthetic_climate_based
2024-12-11,Kolhapur,Maharashtra,16.705,74.2433,0.49289550912858926,2.392887048432239,synthetic_climate_based
2024-12-12,Kolhapur,Maharashtra,16.705,74.2433,0.44082035043596224,4.62998288968245,synthetic_climate_based
2024-12-13,Kolhapur,Maharashtra,16.705,74.2433,0.38396257745744394,9.680377849960106,synthetic_climate_based
2024-12-14,Kolhapur,Maharashtra,16.705,74.2433,0.4348716478396172,13.605305201039789,synthetic_climate_based
2024-12-15,Kolhapur,Maharashtra,16.705,74.2433,0.46282651587083473,11.020395280237926,synthetic_climate_based
2024-12-16,Kolhapur,Maharashtra,16.705,74.2433,0.41323018388202665,5.703379254022078,synthetic_climate_based
2024-12-17,Kolhapur,Maharashtra,16.705,74.2433,0.498386164034886,14.775301558766055,synthetic_climate_based
2024-12-18,Kolhapur,Maharashtra,16.705,74.2433,0.351652116137158,14.478800673774439,synthetic_climate_based
2024-12-19,Kolhapur,Maharashtra,16.705,74.2433,0.4606893590212104,10.841012017136197,synthetic_climate_based
2024-12-20,Kolhapur,Maharashtra,16.705,74.2433,0.3820611372587118,5.590639260938743,synthetic_climate_based
2024-12-21,Kolhapur,Maharashtra,16.705,74.2433,0.26629367098955026,14.595355583125023,synthetic_climate_based
2024-12-22,Kolhapur,Maharashtra,16.705,74.2433,0.4465589290729435,12.127582285159091,synthetic_climate_based
2024-12-23,Kolhapur,Maharashtra,16.705,74.2433,0.5001972012870173,2.203014410262239,synthetic_climate_based
2024-12-24,Kolhapur,Maharashtra,16.705,74.2433,0.44162491272850596,4.003498666427904,synthetic_climate_based
2024-12-25,Kolhapur,Maharashtra,16.705,74.2433,0.4313344151838448,10.668301557635244,synthetic_climate_based
2024-12-26,Kolhapur,Maharashtra,16.705,74.2433,0.5870226918143173,1.5939707929249858,synthetic_climate_based
2024-12-27,Kolhapur,Maharashtra,16.705,74.2433,0.40526235896245144,10.534843174335165,synthetic_climate_based
2024-12-28,Kolhapur,Maharashtra,16.705,74.2433,0.3138649397734368,8.919150961702623,synthetic_climate_based
2024-12-29,Kolhapur,Maharashtra,16.705,74.2433,0.3730622239864718,13.958137748307863,synthetic_climate_based
2024-12-30,Kolhapur,Maharashtra,16.705,74.2433,0.4735993928793244,10.619788225401287,synthetic_climate_based
2024-12-31,Kolhapur,Maharashtra,16.705,74.2433,0.4066455508646979,0.4421544506126307,synthetic_climate_based
2025-01-01,Kolhapur,Maharashtra,16.705,74.2433,0.39216058894387507,10.172829402750212,synthetic_climate_based
2025-01-02,Kolhapur,Maharashtra,16.705,74.2433,0.3972386812927835,0.655208666540516,synthetic_climate_based
2025-01-03,Kolhapur,Maharashtra,16.705,74.2433,0.34673767829505603,4.787927327198387,synthetic_climate_based
2025-01-04,Kolhapur,Maharashtra,16.705,74.2433,0.49706912125406816,12.032064350786474,synthetic_climate_based
2025-01-05,Kolhapur,Maharashtra,16.705,74.2433,0.34583755060989657,14.186705653490106,synthetic_climate_based
2025-01-06,Kolhapur,Maharashtra,16.705,74.2433,0.4691358029001452,9.636832927052819,synthetic_climate_based
2025-01-07,Kolhapur,Maharashtra,16.705,74.2433,0.37800128015413875,7.083944387333547,synthetic_climate_based
2025-01-08,Kolhapur,Maharashtra,16.705,74.2433,0.3955742654644011,2.9014989396969417,synthetic_climate_based
2025-01-09,Kolhapur,Maharashtra,16.705,74.2433,0.5161050917611569,13.265905552963273,synthetic_climate_based
2025-01-10,Kolhapur,Maharashtra,16.705,74.2433,0.4420515842857212,4.205469343894755,synthetic_climate_based
2025-01-11,Kolhapur,Maharashtra,16.705,74.2433,0.43082294305133223,2.500385408211423,synthetic_climate_based
2025-01-12,Kolhapur,Maharashtra,16.705,74.2433,0.43398815838273574,6.849320250215177,synthetic_climate_based
2025-01-13,Kolhapur,Maharashtra,16.705,74.2433,0.44840135932085223,2.504580231705858,synthetic_climate_based
2025-01-14,Kolhapur,Maharashtra,16.705,74.2433,0.4292265581550436,11.195957258942464,synthetic_climate_based
2025-01-15,Kolhapur,Maharashtra,16.705,74.2433,0.4810078500142765,1.9464167347202777,synthetic_climate_based
2025-01-16,Kolhapur,Maharashtra,16.705,74.2433,0.45184609241014806,2.674266045913573,synthetic_climate_based
2025-01-17,Kolhapur,Maharashtra,16.705,74.2433,0.479055550087649,0.017874367809515568,synthetic_climate_based
2025-01-18,Kolhapur,Maharashtra,16.705,74.2433,0.36084666715078906,1.1917795843437085,synthetic_climate_based
2025-01-19,Kolhapur,Maharashtra,16.705,74.2433,0.31127449957225245,7.401392424318654,synthetic_climate_based
2025-01-20,Kolhapur,Maharashtra,16.705,74.2433,0.4520664137345944,1.5437556691254806,synthetic_climate_based
2025-01-21,Kolhapur,Maharashtra,16.705,74.2433,0.4350477170411836,12.983760759304479,synthetic_climate_based
2025-01-22,Kolhapur,Maharashtra,16.705,74.2433,0.4301944514375629,3.0515635680080577,synthetic_climate_based
2025-01-23,Kolhapur,Maharashtra,16.705,74.2433,0.42903716990185653,14.749412752442039,synthetic_climate_based
2025-01-24,Kolhapur,Maharashtra,16.705,74.2433,0.35050302317733384,10.922273675067828,synthetic_climate_based
2025-01-25,Kolhapur,Maharashtra,16.705,74.2433,0.4181122324646652,11.240094677592486,synthetic_climate_based
2025-01-26,Kolhapur,Maharashtra,16.705,74.2433,0.56335115064767,4.733955787127337,synthetic_climate_based
2025-01-27,Kolhapur,Maharashtra,16.705,74.2433,0.432956920696809,7.992663746904075,synthetic_climate_based
2025-01-28,Kolhapur,Maharashtra,16.705,74.2433,0.419797408936432,9.878533950116408,synthetic_climate_based
2025-01-29,Kolhapur,Maharashtra,16.705,74.2433,0.4106666339158364,5.081655840839924,synthetic_climate_based
2025-01-30,Kolhapur,Maharashtra,16.705,74.2433,0.4036572212174983,4.6866368752875225,synthetic_climate_based
2025-01-31,Kolhapur,Maharashtra,16.705,74.2433,0.5571740139003118,6.832928575391586,synthetic_climate_based
2025-02-01,Kolhapur,Maharashtra,16.705,74.2433,0.4055178372296727,5.367447863732329,synthetic_climate_based
2025-02-02,Kolhapur,Maharashtra,16.705,74.2433,0.35893326698266603,4.331687210900625,synthetic_climate_based
2025-02-03,Kolhapur,Maharashtra,16.705,74.2433,0.4266078293949196,13.777585404178385,synthetic_climate_based
2025-02-04,Kolhapur,Maharashtra,16.705,74.2433,0.4028945483952311,10.055484890484697,synthetic_climate_based
2025-02-05,Kolhapur,Maharashtra,16.705,74.2433,0.43149600279221484,6.95494427644865,synthetic_climate_based
2025-02-06,Kolhapur,Maharashtra,16.705,74.2433,0.45702828651107685,6.736978375520782,synthetic_climate_based
2025-02-07,Kolhapur,Maharashtra,16.705,74.2433,0.5322501529674909,14.913716434945957,synthetic_climate_based
2025-02-08,Kolhapur,Maharashtra,16.705,74.2433,0.2688252521316399,7.815770100730578,synthetic_climate_based
2025-02-09,Kolhapur,Maharashtra,16.705,74.2433,0.42369680515444164,14.756968904685266,synthetic_climate_based
2025-02-10,Kolhapur,Maharashtra,16.705,74.2433,0.38683827625887324,14.772611573659361,synthetic_climate_based
2025-02-11,Kolhapur,Maharashtra,16.705,74.2433,0.41807139882359035,0.6361202714976844,synthetic_climate_based
2025-02-12,Kolhapur,Maharashtra,16.705,74.2433,0.4426952276900684,11.72026773632257,synthetic_climate_based
2025-02-13,Kolhapur,Maharashtra,16.705,74.2433,0.5031013582970788,5.862524215020228,synthetic_climate_based
2025-02-14,Kolhapur,Maharashtra,16.705,74.2433,0.5253709384618559,8.078420627123837,synthetic_climate_based
2025-02-15,Kolhapur,Maharashtra,16.705,74.2433,0.4564495633372489,14.619974998546072,synthetic_climate_based
2025-02-16,Kolhapur,Maharashtra,16.705,74.2433,0.3884772308340217,5.150606681231621,synthetic_climate_based
2025-02-17,Kolhapur,Maharashtra,16.705,74.2433,0.42718109495965134,0.7269211111741097,synthetic_climate_based
2025-02-18,Kolhapur,Maharashtra,16.705,74.2433,0.38400709311112724,14.622499090095292,synthetic_climate_based
2025-02-19,Kolhapur,Maharashtra,16.705,74.2433,0.4814576757258447,3.8871115994076915,synthetic_climate_based
2025-02-20,Kolhapur,Maharashtra,16.705,74.2433,0.5039240972888658,1.0204580102267125,synthetic_climate_based
2025-02-21,Kolhapur,Maharashtra,16.705,74.2433,0.38928631079574477,3.7920885337666665,synthetic_climate_based
2025-02-22,Kolhapur,Maharashtra,16.705,74.2433,0.5071871533283061,12.291545737218877,synthetic_climate_based
2025-02-23,Kolhapur,Maharashtra,16.705,74.2433,0.42965605097610315,7.454364203264905,synthetic_climate_based
2025-02-24,Kolhapur,Maharashtra,16.705,74.2433,0.3843225679146308,8.759362021543343,synthetic_climate_based
2025-02-25,Kolhapur,Maharashtra,16.705,74.2433,0.5433207057821504,1.3995852790936474,synthetic_climate_based
2025-02-26,Kolhapur,Maharashtra,16.705,74.2433,0.4092605529145118,12.580026508622439,synthetic_climate_based
2025-02-27,Kolhapur,Maharashtra,16.705,74.2433,0.3583476561394316,5.716339459902061,synthetic_climate_based
2025-02-28,Kolhapur,Maharashtra,16.705,74.2433,0.48813804722602605,4.09440515977934,synthetic_climate_based
2025-03-01,Kolhapur,Maharashtra,16.705,74.2433,0.44885185158749547,9.993813952712703,synthetic_climate_based
2025-03-02,Kolhapur,Maharashtra,16.705,74.2433,0.5552065548718346,3.55395411511271,synthetic_climate_based
2025-03-03,Kolhapur,Maharashtra,16.705,74.2433,0.44507364643902986,5.1666407030648696,synthetic_climate_based
2025-03-04,Kolhapur,Maharashtra,16.705,74.2433,0.4778769069230159,10.309670889512947,synthetic_climate_based
2025-03-05,Kolhapur,Maharashtra,16.705,74.2433,0.4618726465306122,2.941037931198986,synthetic_climate_based
2025-03-06,Kolhapur,Maharashtra,16.705,74.2433,0.5649054570764744,5.05784268167227,synthetic_climate_based
2025-03-07,Kolhapur,Maharashtra,16.705,74.2433,0.5631522261631038,5.957626888395099,synthetic_climate_based
2025-03-08,Kolhapur,Maharashtra,16.705,74.2433,0.43203691903800184,3.5677388403200534,synthetic_climate_based
2025-03-09,Kolhapur,Maharashtra,16.705,74.2433,0.5288678351837668,1.8975643185771802,synthetic_climate_based
2025-03-10,Kolhapur,Maharashtra,16.705,74.2433,0.4799399891670866,8.30848771400609,synthetic_climate_based
2025-03-11,Kolhapur,Maharashtra,16.705,74.2433,0.4134667175025047,1.5461183121052358,synthetic_climate_based
2025-03-12,Kolhapur,Maharashtra,16.705,74.2433,0.5369705305985139,14.183826578694621,synthetic_climate_based
2025-03-13,Kolhapur,Maharashtra,16.705,74.2433,0.4245832095597674,5.507556089113979,synthetic_climate_based
2025-03-14,Kolhapur,Maharashtra,16.705,74.2433,0.4930796901158939,6.640209403603582,synthetic_climate_based
2025-03-15,Kolhapur,Maharashtra,16.705,74.2433,0.4361038648051497,14.204695681068635,synthetic_climate_based
2025-03-16,Kolhapur,Maharashtra,16.705,74.2433,0.5348238634315323,12.502574710611363,synthetic_climate_based
2025-03-17,Kolhapur,Maharashtra,16.705,74.2433,0.5217641618484831,3.280266522535675,synthetic_climate_based
2025-03-18,Kolhapur,Maharashtra,16.705,74.2433,0.46174201634239825,4.276615257181554,synthetic_climate_based
2025-03-19,Kolhapur,Maharashtra,16.705,74.2433,0.5271158644942948,10.96148776341206,synthetic_climate_based
2025-03-20,Kolhapur,Maharashtra,16.705,74.2433,0.5682134420841451,4.556853132408529,synthetic_climate_based
2025-03-21,Kolhapur,Maharashtra,16.705,74.2433,0.5557036840034664,0.949721439432889,synthetic_climate_based
2025-03-22,Kolhapur,Maharashtra,16.705,74.2433,0.5210968460027848,1.180565993833571,synthetic_climate_based
2025-03-23,Kolhapur,Maharashtra,16.705,74.2433,0.5487831723977113,0.763282697977305,synthetic_climate_based
2025-03-24,Kolhapur,Maharashtra,16.705,74.2433,0.590771850058542,4.275113947953433,synthetic_climate_based
2025-03-25,Kolhapur,Maharashtra,16.705,74.2433,0.44207675483138775,11.043410219334335,synthetic_climate_based
2025-03-26,Kolhapur,Maharashtra,16.705,74.2433,0.6339591261545864,5.449445188383663,synthetic_climate_based
2025-03-27,Kolhapur,Maharashtra,16.705,74.2433,0.509051961976546,11.217323183329649,synthetic_climate_based
2025-03-28,Kolhapur,Maharashtra,16.705,74.2433,0.4102759165148861,4.172128003490496,synthetic_climate_based
2025-03-29,Kolhapur,Maharashtra,16.705,74.2433,0.5133386994019844,0.09754044310294585,synthetic_climate_based
2025-03-30,Kolhapur,Maharashtra,16.705,74.2433,0.49416565190089407,7.47341599125007,synthetic_climate_based
2025-03-31,Kolhapur,Maharashtra,16.705,74.2433,0.506083307868772,2.0609879762400336,synthetic_climate_based
2025-04-01,Kolhapur,Maharashtra,16.705,74.2433,0.605181746306531,0.9350755116247983,synthetic_climate_based
2025-04-02,Kolhapur,Maharashtra,16.705,74.2433,0.4277459911522399,3.6298110132235517,synthetic_climate_based
2025-04-03,Kolhapur,Maharashtra,16.705,74.2433,0.4727959573246051,5.292566731147599,synthetic_climate_based
2025-04-04,Kolhapur,Maharashtra,16.705,74.2433,0.4623348480403417,14.888208678237918,synthetic_climate_based
2025-04-05,Kolhapur,Maharashtra,16.705,74.2433,0.5427424607846301,5.447857691299744,synthetic_climate_based
2025-04-06,Kolhapur,Maharashtra,16.705,74.2433,0.6262582580151442,9.808694399612682,synthetic_climate_based
2025-04-07,Kolhapur,Maharashtra,16.705,74.2433,0.5365833215564173,14.138953482377001,synthetic_climate_based
2025-04-08,Kolhapur,Maharashtra,16.705,74.2433,0.4847473724584246,14.885123248773365,synthetic_climate_based
2025-04-09,Kolhapur,Maharashtra,16.705,74.2433,0.4340513881928572,10.28187511931241,synthetic_climate_based
2025-04-10,Kolhapur,Maharashtra,16.705,74.2433,0.6449409475719798,2.065038641822997,synthetic_climate_based
2025-04-11,Kolhapur,Maharashtra,16.705,74.2433,0.5013508566607305,0.24425619856484615,synthetic_climate_based
2025-04-12,Kolhapur,Maharashtra,16.705,74.2433,0.5390199643890745,2.3042856751287473,synthetic_climate_based
2025-04-13,Kolhapur,Maharashtra,16.705,74.2433,0.6038256997234485,10.54500837334218,synthetic_climate_based
2025-04-14,Kolhapur,Maharashtra,16.705,74.2433,0.5601613684229927,14.879222873771194,synthetic_climate_based
2025-04-15,Kolhapur,Maharashtra,16.705,74.2433,0.5366661643282672,8.63294496995751,synthetic_climate_based
2025-04-16,Kolhapur,Maharashtra,16.705,74.2433,0.5783195176684943,2.222414283921783,synthetic_climate_based
2025-04-17,Kolhapur,Maharashtra,16.705,74.2433,0.5316802926409326,0.6266300057294377,synthetic_climate_based
2025-04-18,Kolhapur,Maharashtra,16.705,74.2433,0.47381903888107907,13.742742460390376,synthetic_climate_based
2025-04-19,Kolhapur,Maharashtra,16.705,74.2433,0.6152648939954963,0.10907379681847573,synthetic_climate_based
2025-04-20,Kolhapur,Maharashtra,16.705,74.2433,0.555649730131947,0.5727003979654721,synthetic_climate_based
2025-04-21,Kolhapur,Maharashtra,16.705,74.2433,0.5228762067830064,3.1809170108030167,synthetic_climate_based
2025-04-22,Kolhapur,Maharashtra,16.705,74.2433,0.6429708307340949,6.693183402442308,synthetic_climate_based
2025-04-23,Kolhapur,Maharashtra,16.705,74.2433,0.5703720303417487,3.17760584027139,synthetic_climate_based
2025-04-24,Kolhapur,Maharashtra,16.705,74.2433,0.6777451476696954,14.2293672057822,synthetic_climate_based
2025-04-25,Kolhapur,Maharashtra,16.705,74.2433,0.5830368148221414,12.93224900566918,synthetic_climate_based
2025-04-26,Kolhapur,Maharashtra,16.705,74.2433,0.5530620693873919,3.167090563498701,synthetic_climate_based
2025-04-27,Kolhapur,Maharashtra,16.705,74.2433,0.5592989812767458,9.207714823511981,synthetic_climate_based
2025-04-28,Kolhapur,Maharashtra,16.705,74.2433,0.6011799707298766,5.5683626317208965,synthetic_climate_based
2025-04-29,Kolhapur,Maharashtra,16.705,74.2433,0.6431973495451191,4.281833334714802,synthetic_climate_based
2025-04-30,Kolhapur,Maharashtra,16.705,74.2433,0.6693165258135743,5.490868413198488,synthetic_climate_based
2025-05-01,Kolhapur,Maharashtra,16.705,74.2433,0.5444169002439381,0.7212390525247658,synthetic_climate_based
2025-05-02,Kolhapur,Maharashtra,16.705,74.2433,0.6322137273917742,10.499403653615571,synthetic_climate_based
2025-05-03,Kolhapur,Maharashtra,16.705,74.2433,0.6580120253413694,0.6798440080514268,synthetic_climate_based
2025-05-04,Kolhapur,Maharashtra,16.705,74.2433,0.6574649973409166,1.268461485470701,synthetic_climate_based
2025-05-05,Kolhapur,Maharashtra,16.705,74.2433,0.47453226369998736,2.8788440273290172,synthetic_climate_based
2025-05-06,Kolhapur,Maharashtra,16.705,74.2433,0.5472250978060632,11.877569945659323,synthetic_climate_based
2025-05-07,Kolhapur,Maharashtra,16.705,74.2433,0.5238035550777139,2.1322831636699204,synthetic_climate_based
2025-05-08,Kolhapur,Maharashtra,16.705,74.2433,0.5055891279202105,11.708830455290864,synthetic_climate_based
2025-05-09,Kolhapur,Maharashtra,16.705,74.2433,0.6385716051159942,3.8054047351328757,synthetic_climate_based
2025-05-10,Kolhapur,Maharashtra,16.705,74.2433,0.5313957528669873,8.5286096283548,synthetic_climate_based
2025-05-11,Kolhapur,Maharashtra,16.705,74.2433,0.5491506655378431,14.484137942095662,synthetic_climate_based
2025-05-12,Kolhapur,Maharashtra,16.705,74.2433,0.49858366338381255,10.292752302112964,synthetic_climate_based
2025-05-13,Kolhapur,Maharashtra,16.705,74.2433,0.690983701053573,13.058829122875204,synthetic_climate_based
2025-05-14,Kolhapur,Maharashtra,16.705,74.2433,0.6526686818765757,13.415915273329762,synthetic_climate_based
2025-05-15,Kolhapur,Maharashtra,16.705,74.2433,0.5482529382959779,6.326228960480839,synthetic_climate_based
2025-05-16,Kolhapur,Maharashtra,16.705,74.2433,0.6176637100645321,13.28884702444717,synthetic_climate_based
2025-05-17,Kolhapur,Maharashtra,16.705,74.2433,0.6571296258564451,13.91298859381246,synthetic_climate_based
2025-05-18,Kolhapur,Maharashtra,16.705,74.2433,0.6274683338034847,1.2453063785214358,synthetic_climate_based
2025-05-19,Kolhapur,Maharashtra,16.705,74.2433,0.6466706154186543,9.22439711169961,synthetic_climate_based
2025-05-20,Kolhapur,Maharashtra,16.705,74.2433,0.5834045337747329,12.134466139722242,synthetic_climate_based
2025-05-21,Kolhapur,Maharashtra,16.705,74.2433,0.5818661735966576,4.873254780410732,synthetic_climate_based
2025-05-22,Kolhapur,Maharashtra,16.705,74.2433,0.5875189053436318,9.279001099869854,synthetic_climate_based
2025-05-23,Kolhapur,Maharashtra,16.705,74.2433,0.6726261645286267,4.682494430000313,synthetic_climate_based
2025-05-24,Kolhapur,Maharashtra,16.705,74.2433,0.6114915444085947,9.886835519049434,synthetic_climate_based
2025-05-25,Kolhapur,Maharashtra,16.705,74.2433,0.5617502401021622,8.906101306983473,synthetic_climate_based
2025-05-26,Kolhapur,Maharashtra,16.705,74.2433,0.5727871713114726,3.2276849641831076,synthetic_climate_based
2025-05-27,Kolhapur,Maharashtra,16.705,74.2433,0.5646344804033872,0.5651840794432511,synthetic_climate_based
2025-05-28,Kolhapur,Maharashtra,16.705,74.2433,0.6565684561274364,10.906407699835567,synthetic_climate_based
2025-05-29,Kolhapur,Maharashtra,16.705,74.2433,0.6835449976354002,9.373966022842476,synthetic_climate_based
2025-05-30,Kolhapur,Maharashtra,16.705,74.2433,0.6862492107115588,1.7502516594000843,synthetic_climate_based
2025-05-31,Kolhapur,Maharashtra,16.705,74.2433,0.5716265981955411,13.632517022695128,synthetic_climate_based
2025-06-01,Kolhapur,Maharashtra,16.705,74.2433,0.5924648708721951,5.20922779242505,synthetic_climate_based
2025-06-02,Kolhapur,Maharashtra,16.705,74.2433,0.6122854899528897,10.009391649432748,synthetic_climate_based
2025-06-03,Kolhapur,Maharashtra,16.705,74.2433,0.6921237789818492,8.252999293804006,synthetic_climate_based
2025-06-04,Kolhapur,Maharashtra,16.705,74.2433,0.6501125560207568,9.144178741250318,synthetic_climate_based
2025-06-05,Kolhapur,Maharashtra,16.705,74.2433,0.6556499097583243,0.3277319760207048,synthetic_climate_based
2025-06-06,Kolhapur,Maharashtra,16.705,74.2433,0.6685477261158422,10.722105349895434,synthetic_climate_based
2025-06-07,Kolhapur,Maharashtra,16.705,74.2433,0.5811194438986341,7.9722409420075815,synthetic_climate_based
2025-06-08,Kolhapur,Maharashtra,16.705,74.2433,0.7336983591537241,1.803674296526368,synthetic_climate_based
2025-06-09,Kolhapur,Maharashtra,16.705,74.2433,0.653812647107255,4.063702881132578,synthetic_climate_based
2025-06-10,Kolhapur,Maharashtra,16.705,74.2433,0.6882172301101841,2.0687283775352165,synthetic_climate_based
2025-06-11,Kolhapur,Maharashtra,16.705,74.2433,0.7678023627242567,5.915758290611663,synthetic_climate_based
2025-06-12,Kolhapur,Maharashtra,16.705,74.2433,0.6603240110699387,6.7979612523891095,synthetic_climate_based
2025-06-13,Kolhapur,Maharashtra,16.705,74.2433,0.5813659437092907,14.474029885942318,synthetic_climate_based
2025-06-14,Kolhapur,Maharashtra,16.705,74.2433,0.6742438614186438,1.7207270199437557,synthetic_climate_based
2025-06-15,Kolhapur,Maharashtra,16.705,74.2433,0.6625459538572587,6.5909152263403765,synthetic_climate_based
2025-06-16,Kolhapur,Maharashtra,16.705,74.2433,0.6334039804939686,13.999090046880124,synthetic_climate_based
2025-06-17,Kolhapur,Maharashtra,16.705,74.2433,0.6141443091211615,14.123410503513448,synthetic_climate_based
2025-06-18,Kolhapur,Maharashtra,16.705,74.2433,0.6519691339545647,6.845042742021448,synthetic_climate_based
2025-06-19,Kolhapur,Maharashtra,16.705,74.2433,0.7173931091085542,11.713536396477062,synthetic_climate_based
2025-06-20,Kolhapur,Maharashtra,16.705,74.2433,0.6618519816279154,4.681570103928923,synthetic_climate_based
2025-06-21,Kolhapur,Maharashtra,16.705,74.2433,0.6338557136669757,8.401724481024704,synthetic_climate_based
2025-06-22,Kolhapur,Maharashtra,16.705,74.2433,0.5682321855625206,8.205855359049608,synthetic_climate_based
2025-06-23,Kolhapur,Maharashtra,16.705,74.2433,0.5152890808526464,7.407534885377135,synthetic_climate_based
2025-06-24,Kolhapur,Maharashtra,16.705,74.2433,0.660137141959865,11.96907405855221,synthetic_climate_based
2025-06-25,Kolhapur,Maharashtra,16.705,74.2433,0.6316812215367779,2.2275217436892087,synthetic_climate_based
2025-06-26,Kolhapur,Maharashtra,16.705,74.2433,0.6029793255743033,9.674983403246415,synthetic_climate_based
2025-06-27,Kolhapur,Maharashtra,16.705,74.2433,0.6812725942123354,7.025335947465853,synthetic_climate_based
2025-06-28,Kolhapur,Maharashtra,16.705,74.2433,0.6644084933827932,8.549273986136722,synthetic_climate_based
2025-06-29,Kolhapur,Maharashtra,16.705,74.2433,0.6191165923997731,1.0993902782051141,synthetic_climate_based
2025-06-30,Kolhapur,Maharashtra,16.705,74.2433,0.6332063872037239,9.373929515824003,synthetic_climate_based
2025-07-01,Kolhapur,Maharashtra,16.705,74.2433,0.6889524467869809,5.361207065619473,synthetic_climate_based
2025-07-02,Kolhapur,Maharashtra,16.705,74.2433,0.7242555337087083,13.287108093384198,synthetic_climate_based
2025-07-03,Kolhapur,Maharashtra,16.705,74.2433,0.5589116460809485,3.617113356810298,synthetic_climate_based
2025-07-04,Kolhapur,Maharashtra,16.705,74.2433,0.6801702669167801,12.953817121765352,synthetic_climate_based
2025-07-05,Kolhapur,Maharashtra,16.705,74.2433,0.651085695380708,2.6919106242834587,synthetic_climate_based
2025-07-06,Kolhapur,Maharashtra,16.705,74.2433,0.7014278306720089,9.808786227335391,synthetic_climate_based
2025-07-07,Kolhapur,Maharashtra,16.705,74.2433,0.6420451518158029,0.8715063732404826,synthetic_climate_based
2025-07-08,Kolhapur,Maharashtra,16.705,74.2433,0.6745943179439547,7.088202451155402,synthetic_climate_based
2025-07-09,Kolhapur,Maharashtra,16.705,74.2433,0.6081911871030492,11.447551544225606,synthetic_climate_based
2025-07-10,Kolhapur,Maharashtra,16.705,74.2433,0.6247659542507367,2.7747591138345777,synthetic_climate_based
2025-07-11,Kolhapur,Maharashtra,16.705,74.2433,0.7241377104084022,7.944146228354351,synthetic_climate_based
2025-07-12,Kolhapur,Maharashtra,16.705,74.2433,0.616341132866916,5.871467639855442,synthetic_climate_based
2025-07-13,Kolhapur,Maharashtra,16.705,74.2433,0.643311887398238,14.075145366498328,synthetic_climate_based
2025-07-14,Kolhapur,Maharashtra,16.705,74.2433,0.6340409998275712,1.2742050067693351,synthetic_climate_based
2025-07-15,Kolhapur,Maharashtra,16.705,74.2433,0.7040990036391415,13.358042096858203,synthetic_climate_based
2025-07-16,Kolhapur,Maharashtra,16.705,74.2433,0.638441704465624,5.0158630461069995,synthetic_climate_based
2025-07-17,Kolhapur,Maharashtra,16.705,74.2433,0.7369810770761434,7.626544566687515,synthetic_climate_based
2025-07-18,Kolhapur,Maharashtra,16.705,74.2433,0.6897401666290194,2.6401589725852848,synthetic_climate_based
2025-07-19,Kolhapur,Maharashtra,16.705,74.2433,0.7088089158220896,4.52278341978569,synthetic_climate_based
2025-07-20,Kolhapur,Maharashtra,16.705,74.2433,0.5701244266605919,2.262846501604478,synthetic_climate_based
2025-07-21,Kolhapur,Maharashtra,16.705,74.2433,0.6464260793014249,14.731998447755563,synthetic_climate_based
2025-07-22,Kolhapur,Maharashtra,16.705,74.2433,0.7210359113542508,13.41318735890425,synthetic_climate_based
2025-07-23,Kolhapur,Maharashtra,16.705,74.2433,0.5671707888101135,1.7898201191554781,synthetic_climate_based
2025-07-24,Kolhapur,Maharashtra,16.705,74.2433,0.5965572528591178,12.848412598682753,synthetic_climate_based
2025-07-25,Kolhapur,Maharashtra,16.705,74.2433,0.4929582374828223,11.944170372048287,synthetic_climate_based
2025-07-26,Kolhapur,Maharashtra,16.705,74.2433,0.5680871846852853,11.123202160966343,synthetic_climate_based
2025-07-27,Kolhapur,Maharashtra,16.705,74.2433,0.5729006997469314,7.072427429448621,synthetic_climate_based
2025-07-28,Kolhapur,Maharashtra,16.705,74.2433,0.584091385133831,3.2107980792521125,synthetic_climate_based
2025-07-29,Kolhapur,Maharashtra,16.705,74.2433,0.5936346223297402,3.796028386211418,synthetic_climate_based
2025-07-30,Kolhapur,Maharashtra,16.705,74.2433,0.5364483738134419,1.2355574137010805,synthetic_climate_based
2025-07-31,Kolhapur,Maharashtra,16.705,74.2433,0.7045854035389307,13.084709946561986,synthetic_climate_based
2025-08-01,Kolhapur,Maharashtra,16.705,74.2433,0.6436539538741289,2.623772085089333,synthetic_climate_based
2025-08-02,Kolhapur,Maharashtra,16.705,74.2433,0.5794250693832657,14.926997531639781,synthetic_climate_based
2025-08-03,Kolhapur,Maharashtra,16.705,74.2433,0.5887128697687644,13.959231652937278,synthetic_climate_based
2025-08-04,Kolhapur,Maharashtra,16.705,74.2433,0.5337883145566621,6.580037435846401,synthetic_climate_based
2025-08-05,Kolhapur,Maharashtra,16.705,74.2433,0.6062507716810859,3.3348138091782387,synthetic_climate_based
2025-08-06,Kolhapur,Maharashtra,16.705,74.2433,0.6718518344711406,11.071293273288907,synthetic_climate_based
2025-08-07,Kolhapur,Maharashtra,16.705,74.2433,0.5754698298687363,7.84754100180005,synthetic_climate_based
2025-08-08,Kolhapur,Maharashtra,16.705,74.2433,0.5179314040776873,2.583618816885607,synthetic_climate_based
2025-08-09,Kolhapur,Maharashtra,16.705,74.2433,0.5475260997325173,2.981051867952173,synthetic_climate_based
2025-08-10,Kolhapur,Maharashtra,16.705,74.2433,0.5639743499811333,9.583548967800466,synthetic_climate_based
2025-08-11,Kolhapur,Maharashtra,16.705,74.2433,0.49697678418771385,11.754554350491668,synthetic_climate_based
2025-08-12,Kolhapur,Maharashtra,16.705,74.2433,0.7463414886218371,7.8655106968622475,synthetic_climate_based
2025-08-13,Kolhapur,Maharashtra,16.705,74.2433,0.6414559956992995,1.7664347592151692,synthetic_climate_based
2025-08-14,Kolhapur,Maharashtra,16.705,74.2433,0.5964626968798616,10.426061361590344,synthetic_climate_based
2025-08-15,Kolhapur,Maharashtra,16.705,74.2433,0.7131145447944993,9.072884149405239,synthetic_climate_based
2025-08-16,Kolhapur,Maharashtra,16.705,74.2433,0.6744195613350659,13.54547195608839,synthetic_climate_based
2025-08-17,Kolhapur,Maharashtra,16.705,74.2433,0.6228565065918569,12.913736494749125,synthetic_climate_based
2025-08-18,Kolhapur,Maharashtra,16.705,74.2433,0.6889386997769469,5.263801389623438,synthetic_climate_based
2025-08-19,Kolhapur,Maharashtra,16.705,74.2433,0.6159352511244811,8.659591871179149,synthetic_climate_based
2025-08-20,Kolhapur,Maharashtra,16.705,74.2433,0.616838293611897,10.961012390777283,synthetic_climate_based
2025-08-21,Kolhapur,Maharashtra,16.705,74.2433,0.6795502739366623,2.3481909324542065,synthetic_climate_based
2025-08-22,Kolhapur,Maharashtra,16.705,74.2433,0.49203742071233814,3.331523549191723,synthetic_climate_based
2025-08-23,Kolhapur,Maharashtra,16.705,74.2433,0.6767856569178354,6.569268515769045,synthetic_climate_based
2025-08-24,Kolhapur,Maharashtra,16.705,74.2433,0.5459030884477438,12.840495462234372,synthetic_climate_based
2025-08-25,Kolhapur,Maharashtra,16.705,74.2433,0.627052914163522,4.422752630276429,synthetic_climate_based
2025-08-26,Kolhapur,Maharashtra,16.705,74.2433,0.49246173487700323,6.711707183346513,synthetic_climate_based
2025-08-27,Kolhapur,Maharashtra,16.705,74.2433,0.5657431246006754,5.406955927235646,synthetic_climate_based
2025-08-28,Kolhapur,Maharashtra,16.705,74.2433,0.5684531479044096,5.461403395557912,synthetic_climate_based
2025-08-29,Kolhapur,Maharashtra,16.705,74.2433,0.5691295299847717,7.903041978926269,synthetic_climate_based
2025-08-30,Kolhapur,Maharashtra,16.705,74.2433,0.6129983556105999,14.676551511466691,synthetic_climate_based
2025-08-31,Kolhapur,Maharashtra,16.705,74.2433,0.5114521471467572,3.1367631998363334,synthetic_climate_based
2025-09-01,Kolhapur,Maharashtra,16.705,74.2433,0.5481761306161472,1.0831705693707532,synthetic_climate_based
2025-09-02,Kolhapur,Maharashtra,16.705,74.2433,0.6463842036181772,2.749036378339401,synthetic_climate_based
2025-09-03,Kolhapur,Maharashtra,16.705,74.2433,0.5239655468296546,0.044544060945517217,synthetic_climate_based
2025-09-04,Kolhapur,Maharashtra,16.705,74.2433,0.5624233339616936,8.20997774617342,synthetic_climate_based
2025-09-05,Kolhapur,Maharashtra,16.705,74.2433,0.7307995532873489,6.687768897288809,synthetic_climate_based
2025-09-06,Kolhapur,Maharashtra,16.705,74.2433,0.5659645854322874,11.762273977836212,synthetic_climate_based
2025-09-07,Kolhapur,Maharashtra,16.705,74.2433,0.514274782589934,10.528055656611203,synthetic_climate_based
2025-09-08,Kolhapur,Maharashtra,16.705,74.2433,0.5396209229640553,3.798498312062733,synthetic_climate_based
2025-09-09,Kolhapur,Maharashtra,16.705,74.2433,0.5612903852050618,2.661755092598388,synthetic_climate_based
2025-09-10,Kolhapur,Maharashtra,16.705,74.2433,0.6407484024908573,14.642051653986144,synthetic_climate_based
2025-09-11,Kolhapur,Maharashtra,16.705,74.2433,0.6160523964999357,13.317527585617942,synthetic_climate_based
2025-09-12,Kolhapur,Maharashtra,16.705,74.2433,0.5421396765840694,1.3871109245557096,synthetic_climate_based
2025-09-13,Kolhapur,Maharashtra,16.705,74.2433,0.6308043524961936,0.6050950612351835,synthetic_climate_based
2025-09-14,Kolhapur,Maharashtra,16.705,74.2433,0.4830624371972232,0.08570849672095204,synthetic_climate_based
2025-09-15,Kolhapur,Maharashtra,16.705,74.2433,0.5130018397471319,7.454229541886092,synthetic_climate_based
2025-09-16,Kolhapur,Maharashtra,16.705,74.2433,0.5871752335055938,2.802001404358787,synthetic_climate_based
2025-09-17,Kolhapur,Maharashtra,16.705,74.2433,0.5985528004287219,13.91966265557123,synthetic_climate_based
2025-09-18,Kolhapur,Maharashtra,16.705,74.2433,0.5850782153959865,8.150811616563468,synthetic_climate_based
2025-09-19,Kolhapur,Maharashtra,16.705,74.2433,0.638530258949231,3.8767877715609,synthetic_climate_based
2025-09-20,Kolhapur,Maharashtra,16.705,74.2433,0.5801411240012949,4.621578961905423,synthetic_climate_based
2025-09-21,Kolhapur,Maharashtra,16.705,74.2433,0.4713579886980229,4.493328859947897,synthetic_climate_based
2025-09-22,Kolhapur,Maharashtra,16.705,74.2433,0.4689867276545239,6.140923246173489,synthetic_climate_based
2025-09-23,Kolhapur,Maharashtra,16.705,74.2433,0.5090981773410442,10.71978575807474,synthetic_climate_based
2025-09-24,Kolhapur,Maharashtra,16.705,74.2433,0.5028898434620297,8.525418271222186,synthetic_climate_based
2025-09-25,Kolhapur,Maharashtra,16.705,74.2433,0.4656450486538682,2.3292158625981862,synthetic_climate_based
2025-09-26,Kolhapur,Maharashtra,16.705,74.2433,0.5862347770514826,3.1820968135494,synthetic_climate_based
2025-09-27,Kolhapur,Maharashtra,16.705,74.2433,0.5109863657752732,4.389592992065412,synthetic_climate_based
2025-09-28,Kolhapur,Maharashtra,16.705,74.2433,0.49899531113834794,14.732013637610693,synthetic_climate_based
2025-09-29,Kolhapur,Maharashtra,16.705,74.2433,0.6264454162611444,6.442851747711076,synthetic_climate_based
2025-09-30,Kolhapur,Maharashtra,16.705,74.2433,0.4877856781103705,3.4845521880748676,synthetic_climate_based
2025-10-01,Kolhapur,Maharashtra,16.705,74.2433,0.3951050360243159,13.657386545132676,synthetic_climate_based
2025-10-02,Kolhapur,Maharashtra,16.705,74.2433,0.49726426850058814,0.15639087247791728,synthetic_climate_based
2025-10-03,Kolhapur,Maharashtra,16.705,74.2433,0.5620532463313598,3.25245411282479,synthetic_climate_based
2025-10-04,Kolhapur,Maharashtra,16.705,74.2433,0.4737975439212197,9.002785293628698,synthetic_climate_based
2025-10-05,Kolhapur,Maharashtra,16.705,74.2433,0.5429337438068533,11.222338342103747,synthetic_climate_based
2025-10-06,Kolhapur,Maharashtra,16.705,74.2433,0.5021632482140701,11.699974851050664,synthetic_climate_based
2025-10-07,Kolhapur,Maharashtra,16.705,74.2433,0.4161904778956496,14.28833609811347,synthetic_climate_based
2025-10-08,Kolhapur,Maharashtra,16.705,74.2433,0.48215672522605546,2.9959548437066403,synthetic_climate_based
2025-10-09,Kolhapur,Maharashtra,16.705,74.2433,0.5355690236953721,10.53299006535448,synthetic_climate_based
2025-10-10,Kolhapur,Maharashtra,16.705,74.2433,0.5078654850878167,4.104720864495065,synthetic_climate_based
2025-10-11,Kolhapur,Maharashtra,16.705,74.2433,0.5706956968857402,14.943818771475273,synthetic_climate_based
2025-10-12,Kolhapur,Maharashtra,16.705,74.2433,0.5597800554104825,11.421308163904467,synthetic_climate_based
2025-10-13,Kolhapur,Maharashtra,16.705,74.2433,0.5013594938322216,0.7920747482526419,synthetic_climate_based
2025-10-14,Kolhapur,Maharashtra,16.705,74.2433,0.5018659228405364,3.1486521539510033,synthetic_climate_based
2025-10-15,Kolhapur,Maharashtra,16.705,74.2433,0.35876468906621906,0.17049051941633808,synthetic_climate_based
2025-10-16,Kolhapur,Maharashtra,16.705,74.2433,0.43390463628301884,12.978894857295174,synthetic_climate_based
2025-10-17,Kolhapur,Maharashtra,16.705,74.2433,0.48493510016401953,11.21433727451167,synthetic_climate_based
2025-10-18,Kolhapur,Maharashtra,16.705,74.2433,0.5331617104104585,6.20592016363466,synthetic_climate_based
2025-10-19,Kolhapur,Maharashtra,16.705,74.2433,0.45089023288215985,7.126313413065412,synthetic_climate_based
2025-10-20,Kolhapur,Maharashtra,16.705,74.2433,0.4212056908868749,1.2538968414623797,synthetic_climate_based
2025-10-21,Kolhapur,Maharashtra,16.705,74.2433,0.5979401400068801,14.731167951127722,synthetic_climate_based
2025-10-22,Kolhapur,Maharashtra,16.705,74.2433,0.5151220046285305,3.7143222419117135,synthetic_climate_based
2025-10-23,Kolhapur,Maharashtra,16.705,74.2433,0.4069671708288981,2.942799156746609,synthetic_climate_based
2025-10-24,Kolhapur,Maharashtra,16.705,74.2433,0.5408116587783992,13.311533906243383,synthetic_climate_based
2025-10-25,Kolhapur,Maharashtra,16.705,74.2433,0.4716859431187961,10.975199925865503,synthetic_climate_based
2025-10-26,Kolhapur,Maharashtra,16.705,74.2433,0.40061851520601816,13.972579233348176,synthetic_climate_based
2025-10-27,Kolhapur,Maharashtra,16.705,74.2433,0.4911156646636544,4.631573007008688,synthetic_climate_based
2025-10-28,Kolhapur,Maharashtra,16.705,74.2433,0.4202450670826939,9.123992027486018,synthetic_climate_based
2025-10-29,Kolhapur,Maharashtra,16.705,74.2433,0.49459921143468355,3.9341853479671856,synthetic_climate_based
2025-10-30,Kolhapur,Maharashtra,16.705,74.2433,0.5426072076752161,3.3482116240587962,synthetic_climate_based
2025-10-31,Kolhapur,Maharashtra,16.705,74.2433,0.5016882208573579,13.734536702037465,synthetic_climate_based
2025-11-01,Kolhapur,Maharashtra,16.705,74.2433,0.40374447963027715,9.57704862044951,synthetic_climate_based
2025-11-02,Kolhapur,Maharashtra,16.705,74.2433,0.3657659459926847,14.758658266626616,synthetic_climate_based
2025-11-03,Kolhapur,Maharashtra,16.705,74.2433,0.4136804248820742,0.45445506930654245,synthetic_climate_based
2025-11-04,Kolhapur,Maharashtra,16.705,74.2433,0.5292343999045982,6.512810505915509,synthetic_climate_based
2025-11-05,Kolhapur,Maharashtra,16.705,74.2433,0.34986145090902776,13.74156963604171,synthetic_climate_based
2025-11-06,Kolhapur,Maharashtra,16.705,74.2433,0.4398945909041391,3.822134807644726,synthetic_climate_based
2025-11-07,Kolhapur,Maharashtra,16.705,74.2433,0.5371181675913622,11.828232354920637,synthetic_climate_based
2025-11-08,Kolhapur,Maharashtra,16.705,74.2433,0.521951216789353,13.123315257405695,synthetic_climate_based
2025-11-09,Kolhapur,Maharashtra,16.705,74.2433,0.3910674724766928,8.423027264947617,synthetic_climate_based
2025-11-10,Kolhapur,Maharashtra,16.705,74.2433,0.42856398966517895,4.971017100742159,synthetic_climate_based
2025-11-11,Kolhapur,Maharashtra,16.705,74.2433,0.3748495276157331,9.558469742184705,synthetic_climate_based
2025-11-12,Kolhapur,Maharashtra,16.705,74.2433,0.42747435650682547,13.816917979322806,synthetic_climate_based
2025-11-13,Kolhapur,Maharashtra,16.705,74.2433,0.41449859453647697,11.349599617798496,synthetic_climate_based
2025-11-14,Kolhapur,Maharashtra,16.705,74.2433,0.41376274898246723,14.379749032605845,synthetic_climate_based
2025-11-15,Kolhapur,Maharashtra,16.705,74.2433,0.5154844081266686,5.326698737802332,synthetic_climate_based
2025-11-16,Kolhapur,Maharashtra,16.705,74.2433,0.4585745298077413,12.397746050012085,synthetic_climate_based
2025-11-17,Kolhapur,Maharashtra,16.705,74.2433,0.4364453844487639,12.862583406741878,synthetic_climate_based
2025-11-18,Kolhapur,Maharashtra,16.705,74.2433,0.4830026581743257,7.80071772605974,synthetic_climate_based
2025-11-19,Kolhapur,Maharashtra,16.705,74.2433,0.41830915327343177,13.873448283844084,synthetic_climate_based
2025-11-20,Kolhapur,Maharashtra,16.705,74.2433,0.4462401359722891,9.885635328023383,synthetic_climate_based
2025-11-21,Kolhapur,Maharashtra,16.705,74.2433,0.37422675921782556,13.229974416725021,synthetic_climate_based
2025-11-22,Kolhapur,Maharashtra,16.705,74.2433,0.3486234694896536,7.1372324038890715,synthetic_climate_based
2025-11-23,Kolhapur,Maharashtra,16.705,74.2433,0.3993431509626209,10.856635890651036,synthetic_climate_based
2025-11-24,Kolhapur,Maharashtra,16.705,74.2433,0.3733806524726154,1.2143657171638607,synthetic_climate_based
2025-11-25,Kolhapur,Maharashtra,16.705,74.2433,0.4512691636858953,11.6741447196387,synthetic_climate_based
2025-11-26,Kolhapur,Maharashtra,16.705,74.2433,0.3961825819924648,4.251685569263335,synthetic_climate_based
2025-11-27,Kolhapur,Maharashtra,16.705,74.2433,0.48558577483482157,1.203679828542243,synthetic_climate_based
2025-11-28,Kolhapur,Maharashtra,16.705,74.2433,0.5727856229137493,4.424152004198219,synthetic_climate_based
2025-11-29,Kolhapur,Maharashtra,16.705,74.2433,0.5208834127767241,0.7073068666096866,synthetic_climate_based
2025-11-30,Kolhapur,Maharashtra,16.705,74.2433,0.3596447440258025,2.6120566994141026,synthetic_climate_based
2025-12-01,Kolhapur,Maharashtra,16.705,74.2433,0.4786203182274143,4.243511001796313,synthetic_climate_based
2025-12-02,Kolhapur,Maharashtra,16.705,74.2433,0.5687617723529992,14.584059415048412,synthetic_climate_based
2025-12-03,Kolhapur,Maharashtra,16.705,74.2433,0.38692177849061576,6.88640002358473,synthetic_climate_based
2025-12-04,Kolhapur,Maharashtra,16.705,74.2433,0.31158572460790296,3.906122191988745,synthetic_climate_based
2025-12-05,Kolhapur,Maharashtra,16.705,74.2433,0.3913792287785753,13.704083041213359,synthetic_climate_based
2025-12-06,Kolhapur,Maharashtra,16.705,74.2433,0.39593168567134623,0.1429729710505806,synthetic_climate_based
2025-12-07,Kolhapur,Maharashtra,16.705,74.2433,0.4223528878632452,10.760282580084155,synthetic_climate_based
2025-12-08,Kolhapur,Maharashtra,16.705,74.2433,0.34059415917397934,5.633877872542531,synthetic_climate_based
2025-12-09,Kolhapur,Maharashtra,16.705,74.2433,0.4187612452593705,9.180281211511023,synthetic_climate_based
2025-12-10,Kolhapur,Maharashtra,16.705,74.2433,0.34470940442375325,9.886937396641242,synthetic_climate_based
2025-12-11,Kolhapur,Maharashtra,16.705,74.2433,0.4281707579140224,6.70447587749591,synthetic_climate_based
2025-12-12,Kolhapur,Maharashtra,16.705,74.2433,0.45611177466476116,9.415475848043068,synthetic_climate_based
2025-12-13,Kolhapur,Maharashtra,16.705,74.2433,0.4370758199700711,2.204098872598124,synthetic_climate_based
2025-12-14,Kolhapur,Maharashtra,16.705,74.2433,0.3087809023658807,2.3607795698227783,synthetic_climate_based
2025-12-15,Kolhapur,Maharashtra,16.705,74.2433,0.4057094428198651,1.4238282975134293,synthetic_climate_based
2025-12-16,Kolhapur,Maharashtra,16.705,74.2433,0.3729902022647137,9.812264599285358,synthetic_climate_based
2025-12-17,Kolhapur,Maharashtra,16.705,74.2433,0.3582594956323096,5.233460287017378,synthetic_climate_based
2025-12-18,Kolhapur,Maharashtra,16.705,74.2433,0.5163556217264609,5.289281254951465,synthetic_climate_based
2025-12-19,Kolhapur,Maharashtra,16.705,74.2433,0.4697351490907936,13.297207960632806,synthetic_climate_based
2025-12-20,Kolhapur,Maharashtra,16.705,74.2433,0.3490373292947336,5.739191520389955,synthetic_climate_based
2025-12-21,Kolhapur,Maharashtra,16.705,74.2433,0.5534888799836231,1.5061174654709208,synthetic_climate_based
2025-12-22,Kolhapur,Maharashtra,16.705,74.2433,0.36076055009455865,10.824382154184597,synthetic_climate_based
2025-12-23,Kolhapur,Maharashtra,16.705,74.2433,0.36080323181440555,2.166502194391122,synthetic_climate_based
2025-12-24,Kolhapur,Maharashtra,16.705,74.2433,0.3998651146190959,1.4270414789542492,synthetic_climate_based
2025-12-25,Kolhapur,Maharashtra,16.705,74.2433,0.45446049510795605,5.969360685571635,synthetic_climate_based
2025-12-26,Kolhapur,Maharashtra,16.705,74.2433,0.4796795520618082,3.8015424395706305,synthetic_climate_based
2025-12-27,Kolhapur,Maharashtra,16.705,74.2433,0.3973490999235786,13.57445092061009,synthetic_climate_based
2025-12-28,Kolhapur,Maharashtra,16.705,74.2433,0.43802645757208153,4.0263635986284205,synthetic_climate_based
2025-12-29,Kolhapur,Maharashtra,16.705,74.2433,0.42032082535108356,10.896254758251331,synthetic_climate_based
2025-12-30,Kolhapur,Maharashtra,16.705,74.2433,0.3138841103123899,12.934506090440031,synthetic_climate_based
2025-12-31,Kolhapur,Maharashtra,16.705,74.2433,0.4819801262254287,11.497293752320644,synthetic_climate_based
2026-01-01,Kolhapur,Maharashtra,16.705,74.2433,0.41668081731060663,10.876348208239632,synthetic_climate_based
2026-01-02,Kolhapur,Maharashtra,16.705,74.2433,0.3191970207144655,9.433821617428887,synthetic_climate_based
2026-01-03,Kolhapur,Maharashtra,16.705,74.2433,0.36563808884453,1.0976382391012085,synthetic_climate_based
2026-01-04,Kolhapur,Maharashtra,16.705,74.2433,0.4446839495593823,4.291724959242543,synthetic_climate_based
2026-01-05,Kolhapur,Maharashtra,16.705,74.2433,0.5095587745050909,9.120090788803262,synthetic_climate_based
2026-01-06,Kolhapur,Maharashtra,16.705,74.2433,0.301323440687292,3.4514799645440455,synthetic_climate_based
2026-01-07,Kolhapur,Maharashtra,16.705,74.2433,0.33303021182083353,12.69831332695099,synthetic_climate_based
2026-01-08,Kolhapur,Maharashtra,16.705,74.2433,0.4096159817865167,6.3615731107184095,synthetic_climate_based
2026-01-09,Kolhapur,Maharashtra,16.705,74.2433,0.4103451753528796,12.854338482374626,synthetic_climate_based
2026-01-10,Kolhapur,Maharashtra,16.705,74.2433,0.3576556380277643,6.710767337814508,synthetic_climate_based
2026-01-11,Kolhapur,Maharashtra,16.705,74.2433,0.4136379963352629,6.418609582884904,synthetic_climate_based
2026-01-12,Kolhapur,Maharashtra,16.705,74.2433,0.5056350799323536,4.3045076399080635,synthetic_climate_based
2026-01-13,Kolhapur,Maharashtra,16.705,74.2433,0.4175487178046333,1.2905201976904963,synthetic_climate_based
2026-01-14,Kolhapur,Maharashtra,16.705,74.2433,0.3604040171165555,12.462702547734276,synthetic_climate_based
2026-01-15,Kolhapur,Maharashtra,16.705,74.2433,0.37191212961941933,4.585612876318956,synthetic_climate_based
2026-01-16,Kolhapur,Maharashtra,16.705,74.2433,0.4676246307521117,12.476892733063947,synthetic_climate_based
2026-01-17,Kolhapur,Maharashtra,16.705,74.2433,0.4361484711508263,14.160280238936163,synthetic_climate_based
2026-01-18,Kolhapur,Maharashtra,16.705,74.2433,0.4106340558746089,10.416874768357454,synthetic_climate_based
2026-01-19,Kolhapur,Maharashtra,16.705,74.2433,0.3863648782967246,13.988038935194192,synthetic_climate_based
2026-01-20,Kolhapur,Maharashtra,16.705,74.2433,0.36618551701312957,14.047531895800436,synthetic_climate_based
2026-01-21,Kolhapur,Maharashtra,16.705,74.2433,0.35325929069006723,13.52276030968879,synthetic_climate_based
2026-01-22,Kolhapur,Maharashtra,16.705,74.2433,0.3947540189685625,7.335977295566829,synthetic_climate_based
2026-01-23,Kolhapur,Maharashtra,16.705,74.2433,0.3634444036986533,1.4230192511807709,synthetic_climate_based
2026-01-24,Kolhapur,Maharashtra,16.705,74.2433,0.40025044073708377,4.439353286033878,synthetic_climate_based
2026-01-25,Kolhapur,Maharashtra,16.705,74.2433,0.4304989011387472,4.252898596238836,synthetic_climate_based
2026-01-26,Kolhapur,Maharashtra,16.705,74.2433,0.3740786180028338,10.260013781154887,synthetic_climate_based
2026-01-27,Kolhapur,Maharashtra,16.705,74.2433,0.37398625692835674,4.673913370200589,synthetic_climate_based
2026-01-28,Kolhapur,Maharashtra,16.705,74.2433,0.4145475247218085,11.486295089240137,synthetic_climate_based
2026-01-29,Kolhapur,Maharashtra,16.705,74.2433,0.3663904877948915,1.578606562536689,synthetic_climate_based
2026-01-30,Kolhapur,Maharashtra,16.705,74.2433,0.3293047866786508,14.530180990803919,synthetic_climate_based
2026-01-31,Kolhapur,Maharashtra,16.705,74.2433,0.45626128912685837,9.748607441175025,synthetic_climate_based
2026-02-01,Kolhapur,Maharashtra,16.705,74.2433,0.4375222038197183,11.408567640888236,synthetic_climate_based
2026-02-02,Kolhapur,Maharashtra,16.705,74.2433,0.3962863106300875,1.9432043891405497,synthetic_climate_based
2026-02-03,Kolhapur,Maharashtra,16.705,74.2433,0.3916570191397499,11.96801898055847,synthetic_climate_based
2026-02-04,Kolhapur,Maharashtra,16.705,74.2433,0.4720051573292231,0.9722111187098853,synthetic_climate_based
2026-02-05,Kolhapur,Maharashtra,16.705,74.2433,0.4445429714880297,12.953636148292718,synthetic_climate_based
2026-02-06,Kolhapur,Maharashtra,16.705,74.2433,0.4643938590654637,0.40562240917612735,synthetic_climate_based
2026-02-07,Kolhapur,Maharashtra,16.705,74.2433,0.39314208155273683,12.015077059705737,synthetic_climate_based
2026-02-08,Kolhapur,Maharashtra,16.705,74.2433,0.39046961016300324,1.437976012403141,synthetic_climate_based
2026-02-09,Kolhapur,Maharashtra,16.705,74.2433,0.6389282665268223,3.839054624872367,synthetic_climate_based
2026-02-10,Kolhapur,Maharashtra,16.705,74.2433,0.4933392565907371,6.217962594260422,synthetic_climate_based
2026-02-11,Kolhapur,Maharashtra,16.705,74.2433,0.38771085302452696,9.225038142397706,synthetic_climate_based
2026-02-12,Kolhapur,Maharashtra,16.705,74.2433,0.45418500497706377,8.001924866582728,synthetic_climate_based
2026-02-13,Kolhapur,Maharashtra,16.705,74.2433,0.3855679516479287,14.859242459256444,synthetic_climate_based
2026-02-14,Kolhapur,Maharashtra,16.705,74.2433,0.43351441866415164,12.545029430563831,synthetic_climate_based
2026-02-15,Kolhapur,Maharashtra,16.705,74.2433,0.3263196377714464,0.2651254599710212,synthetic_climate_based
2026-02-16,Kolhapur,Maharashtra,16.705,74.2433,0.36304940846157463,10.45218994660333,synthetic_climate_based
2026-02-17,Kolhapur,Maharashtra,16.705,74.2433,0.40873117531594044,3.5563494756387577,synthetic_climate_based
2026-02-18,Kolhapur,Maharashtra,16.705,74.2433,0.41319320855372743,9.638944613408839,synthetic_climate_based
2026-02-19,Kolhapur,Maharashtra,16.705,74.2433,0.43906935282435433,14.823211052289604,synthetic_climate_based
2026-02-20,Kolhapur,Maharashtra,16.705,74.2433,0.49238804052100554,11.905956288064296,synthetic_climate_based
2026-02-21,Kolhapur,Maharashtra,16.705,74.2433,0.4080297204744986,4.580003201174354,synthetic_climate_based
2026-02-22,Kolhapur,Maharashtra,16.705,74.2433,0.4154328449700277,13.908812508293524,synthetic_climate_based
2026-02-23,Kolhapur,Maharashtra,16.705,74.2433,0.48215577141632265,2.878692551343331,synthetic_climate_based
2026-02-24,Kolhapur,Maharashtra,16.705,74.2433,0.3360037210015318,12.7178258098902,synthetic_climate_based
2026-02-25,Kolhapur,Maharashtra,16.705,74.2433,0.4720186197395875,9.134616589940126,synthetic_climate_based
2026-02-26,Kolhapur,Maharashtra,16.705,74.2433,0.4681718149767695,13.376590475096839,synthetic_climate_based
2026-02-27,Kolhapur,Maharashtra,16.705,74.2433,0.40684261172223746,2.785173131148717,synthetic_climate_based
2026-02-28,Kolhapur,Maharashtra,16.705,74.2433,0.46448213153350326,13.200690157695913,synthetic_climate_based
2026-03-01,Kolhapur,Maharashtra,16.705,74.2433,0.4601563493361483,9.320925175101735,synthetic_climate_based
2026-03-02,Kolhapur,Maharashtra,16.705,74.2433,0.4713249793643648,3.154143363253929,synthetic_climate_based
2026-03-03,Kolhapur,Maharashtra,16.705,74.2433,0.45802908806304327,1.506760455233478,synthetic_climate_based
2026-03-04,Kolhapur,Maharashtra,16.705,74.2433,0.4976782754889971,12.337622554047542,synthetic_climate_based
2026-03-05,Kolhapur,Maharashtra,16.705,74.2433,0.4609000150698125,11.58900112881627,synthetic_climate_based
2026-03-06,Kolhapur,Maharashtra,16.705,74.2433,0.5473509217485394,3.7463711249448743,synthetic_climate_based
2026-03-07,Kolhapur,Maharashtra,16.705,74.2433,0.4423104169681548,4.454346232757872,synthetic_climate_based
2026-03-08,Kolhapur,Maharashtra,16.705,74.2433,0.51014660181975,2.4796924157078704,synthetic_climate_based
2026-03-09,Kolhapur,Maharashtra,16.705,74.2433,0.5550459531972405,14.125901593947935,synthetic_climate_based
2026-03-10,Kolhapur,Maharashtra,16.705,74.2433,0.4552769269915551,3.0567804291319405,synthetic_climate_based
2026-03-11,Kolhapur,Maharashtra,16.705,74.2433,0.4912002358065046,13.37348294295909,synthetic_climate_based
2026-03-12,Kolhapur,Maharashtra,16.705,74.2433,0.608819691403604,6.038732195827149,synthetic_climate_based
2026-03-13,Kolhapur,Maharashtra,16.705,74.2433,0.46878974289254594,7.355967797471431,synthetic_climate_based
2026-03-14,Kolhapur,Maharashtra,16.705,74.2433,0.5586399221560987,7.718594227180984,synthetic_climate_based
2026-03-15,Kolhapur,Maharashtra,16.705,74.2433,0.446639214126782,7.067280317193322,synthetic_climate_based
2026-03-16,Kolhapur,Maharashtra,16.705,74.2433,0.46937631284677844,0.7831237643128269,synthetic_climate_based
2026-03-17,Kolhapur,Maharashtra,16.705,74.2433,0.4764159109269187,9.853848144641795,synthetic_climate_based
2026-03-18,Kolhapur,Maharashtra,16.705,74.2433,0.5127061077509191,6.633714883448206,synthetic_climate_based
2026-03-19,Kolhapur,Maharashtra,16.705,74.2433,0.5565363076924018,10.995957475155432,synthetic_climate_based
2026-03-20,Kolhapur,Maharashtra,16.705,74.2433,0.5590292783258645,3.5039252967973535,synthetic_climate_based
2026-03-21,Kolhapur,Maharashtra,16.705,74.2433,0.5104265018616124,3.008708521319225,synthetic_climate_based
2026-03-22,Kolhapur,Maharashtra,16.705,74.2433,0.538722428141404,4.598002948293482,synthetic_climate_based
2026-03-23,Kolhapur,Maharashtra,16.705,74.2433,0.5766740584363168,11.79409400214906,synthetic_climate_based
2026-03-24,Kolhapur,Maharashtra,16.705,74.2433,0.558822725709629,6.652951817637762,synthetic_climate_based
2026-03-25,Kolhapur,Maharashtra,16.705,74.2433,0.5805425885164521,1.1776363465604989,synthetic_climate_based
2026-03-26,Kolhapur,Maharashtra,16.705,74.2433,0.6193425208112577,3.1727950716819917,synthetic_climate_based
2026-03-27,Kolhapur,Maharashtra,16.705,74.2433,0.6757084929543113,5.921476260366348,synthetic_climate_based
2026-03-28,Kolhapur,Maharashtra,16.705,74.2433,0.49112460643027844,5.6606311054108485,synthetic_climate_based
2026-03-29,Kolhapur,Maharashtra,16.705,74.2433,0.5081444625722465,12.188752814924602,synthetic_climate_based
2026-03-30,Kolhapur,Maharashtra,16.705,74.2433,0.5737168195389685,10.056694247841229,synthetic_climate_based
2026-03-31,Kolhapur,Maharashtra,16.705,74.2433,0.5586997500568709,12.879818523061552,synthetic_climate_based
2026-04-01,Kolhapur,Maharashtra,16.705,74.2433,0.49371065765794747,1.5695888377414169,synthetic_climate_based
2026-04-02,Kolhapur,Maharashtra,16.705,74.2433,0.5487133894889835,12.825304855456022,synthetic_climate_based
2026-04-03,Kolhapur,Maharashtra,16.705,74.2433,0.5281312328506241,0.7970826841329642,synthetic_climate_based
2026-04-04,Kolhapur,Maharashtra,16.705,74.2433,0.4478458934826757,2.4345932467698237,synthetic_climate_based
2026-04-05,Kolhapur,Maharashtra,16.705,74.2433,0.6664964614959851,11.242906663812295,synthetic_climate_based
2026-04-06,Kolhapur,Maharashtra,16.705,74.2433,0.42649476028965105,0.16483502350409074,synthetic_climate_based
2026-04-07,Kolhapur,Maharashtra,16.705,74.2433,0.5891328271908817,5.972380967067411,synthetic_climate_based
2026-04-08,Kolhapur,Maharashtra,16.705,74.2433,0.622909770332098,13.302195342940534,synthetic_climate_based
2026-04-09,Kolhapur,Maharashtra,16.705,74.2433,0.581149829154349,3.431504799066481,synthetic_climate_based
2026-04-10,Kolhapur,Maharashtra,16.705,74.2433,0.6588539087606862,1.4736208247686893,synthetic_climate_based
2026-04-11,Kolhapur,Maharashtra,16.705,74.2433,0.6422321801177836,4.461654579087991,synthetic_climate_based
2026-04-12,Kolhapur,Maharashtra,16.705,74.2433,0.5369596729367303,7.020224017749089,synthetic_climate_based
2026-04-13,Kolhapur,Maharashtra,16.705,74.2433,0.4795080517876248,5.161853377432091,synthetic_climate_based
2026-04-14,Kolhapur,Maharashtra,16.705,74.2433,0.5264667358186924,9.157598973725229,synthetic_climate_based
2026-04-15,Kolhapur,Maharashtra,16.705,74.2433,0.586765738661412,13.82408537974747,synthetic_climate_based
2026-04-16,Kolhapur,Maharashtra,16.705,74.2433,0.567303806801545,0.5705129444885765,synthetic_climate_based
2026-04-17,Kolhapur,Maharashtra,16.705,74.2433,0.5892942769497659,14.331938408510869,synthetic_climate_based
2026-04-18,Kolhapur,Maharashtra,16.705,74.2433,0.6514995279066527,8.413446241583808,synthetic_climate_based
2026-04-19,Kolhapur,Maharashtra,16.705,74.2433,0.47970143367391815,8.33224601991985,synthetic_climate_based
2026-04-20,Kolhapur,Maharashtra,16.705,74.2433,0.42324291059244157,8.295322244675024,synthetic_climate_based
2026-04-21,Kolhapur,Maharashtra,16.705,74.2433,0.5511571148399096,10.459961060332777,synthetic_climate_based
2026-04-22,Kolhapur,Maharashtra,16.705,74.2433,0.5883975404437441,0.9986268733043824,synthetic_climate_based
2026-04-23,Kolhapur,Maharashtra,16.705,74.2433,0.5420396174531414,11.017136050462643,synthetic_climate_based
2026-04-24,Kolhapur,Maharashtra,16.705,74.2433,0.4190927991417115,3.7984189191424065,synthetic_climate_based
2026-04-25,Kolhapur,Maharashtra,16.705,74.2433,0.6188582870891778,6.164526332697042,synthetic_climate_based
2026-04-26,Kolhapur,Maharashtra,16.705,74.2433,0.49672599786522187,10.416298076659029,synthetic_climate_based
2026-04-27,Kolhapur,Maharashtra,16.705,74.2433,0.6724675929401088,1.3448378969938686,synthetic_climate_based
2026-04-28,Kolhapur,Maharashtra,16.705,74.2433,0.4415645045565132,3.010936785853857,synthetic_climate_based
2026-04-29,Kolhapur,Maharashtra,16.705,74.2433,0.5928389201203725,1.7134374809095831,synthetic_climate_based
2026-04-30,Kolhapur,Maharashtra,16.705,74.2433,0.6146755499570952,0.4486227377267027,synthetic_climate_based
2026-05-01,Kolhapur,Maharashtra,16.705,74.2433,0.5570282199933452,13.596014668762285,synthetic_climate_based
2026-05-02,Kolhapur,Maharashtra,16.705,74.2433,0.6032960718266431,1.0554756327698551,synthetic_climate_based
2026-05-03,Kolhapur,Maharashtra,16.705,74.2433,0.6548209435523681,11.46974921659807,synthetic_climate_based
2026-05-04,Kolhapur,Maharashtra,16.705,74.2433,0.6203857629303628,12.693289975222896,synthetic_climate_based
2026-05-05,Kolhapur,Maharashtra,16.705,74.2433,0.750611931925071,6.652147712710225,synthetic_climate_based
2026-05-06,Kolhapur,Maharashtra,16.705,74.2433,0.7126853699218614,0.8498751740365357,synthetic_climate_based
2026-05-07,Kolhapur,Maharashtra,16.705,74.2433,0.6317430249042646,5.677761455465837,synthetic_climate_based
2026-05-08,Kolhapur,Maharashtra,16.705,74.2433,0.6822297815529902,2.327848006481006,synthetic_climate_based
2026-05-09,Kolhapur,Maharashtra,16.705,74.2433,0.5503281327529591,12.509805817776451,synthetic_climate_based
2026-05-10,Kolhapur,Maharashtra,16.705,74.2433,0.5275323448127771,11.358486135232232,synthetic_climate_based
2026-05-11,Kolhapur,Maharashtra,16.705,74.2433,0.6454990438621494,11.93098748678425,synthetic_climate_based
2026-05-12,Kolhapur,Maharashtra,16.705,74.2433,0.5896716318535408,8.943367842778432,synthetic_climate_based
2026-05-13,Kolhapur,Maharashtra,16.705,74.2433,0.5980650058058686,13.171734125071712,synthetic_climate_based
2026-05-14,Kolhapur,Maharashtra,16.705,74.2433,0.5862578568323787,14.018833259033798,synthetic_climate_based
2026-05-15,Kolhapur,Maharashtra,16.705,74.2433,0.5923302599554021,4.925601988559299,synthetic_climate_based
2026-05-16,Kolhapur,Maharashtra,16.705,74.2433,0.7139836800591979,13.529666796204294,synthetic_climate_based
2026-05-17,Kolhapur,Maharashtra,16.705,74.2433,0.5947369116177985,1.0132314697653366,synthetic_climate_based
2026-05-18,Kolhapur,Maharashtra,16.705,74.2433,0.5232415184365721,13.701275581271258,synthetic_climate_based
2026-05-19,Kolhapur,Maharashtra,16.705,74.2433,0.5182634530087746,0.6732684681266987,synthetic_climate_based
2026-05-20,Kolhapur,Maharashtra,16.705,74.2433,0.5188328235250661,11.19422067107923,synthetic_climate_based
2026-05-21,Kolhapur,Maharashtra,16.705,74.2433,0.5020864740973674,5.200797733355257,synthetic_climate_based
2026-05-22,Kolhapur,Maharashtra,16.705,74.2433,0.6104295463640034,7.487790276463006,synthetic_climate_based
2026-05-23,Kolhapur,Maharashtra,16.705,74.2433,0.6076924194608551,0.30742890375990595,synthetic_climate_based
2026-05-24,Kolhapur,Maharashtra,16.705,74.2433,0.666336980960207,12.946995216534594,synthetic_climate_based
2026-05-25,Kolhapur,Maharashtra,16.705,74.2433,0.6356430023710335,8.76388099858479,synthetic_climate_based
2026-05-26,Kolhapur,Maharashtra,16.705,74.2433,0.5789614893133643,13.54055540381857,synthetic_climate_based
2026-05-27,Kolhapur,Maharashtra,16.705,74.2433,0.5599335019647695,11.87420619301075,synthetic_climate_based
2026-05-28,Kolhapur,Maharashtra,16.705,74.2433,0.6235558252290584,3.048531851677133,synthetic_climate_based
2026-05-29,Kolhapur,Maharashtra,16.705,74.2433,0.6512084522248064,7.657904178248073,synthetic_climate_based
2026-05-30,Kolhapur,Maharashtra,16.705,74.2433,0.5578795819100475,2.2907235589249497,synthetic_climate_based
2026-05-31,Kolhapur,Maharashtra,16.705,74.2433,0.6728092716813961,12.500566782892097,synthetic_climate_based
2026-06-01,Kolhapur,Maharashtra,16.705,74.2433,0.6087099025467048,14.69426795017439,synthetic_climate_based
2026-06-02,Kolhapur,Maharashtra,16.705,74.2433,0.523261036496218,11.545270415440047,synthetic_climate_based
2026-06-03,Kolhapur,Maharashtra,16.705,74.2433,0.6147532004731097,6.185856001427134,synthetic_climate_based
2026-06-04,Kolhapur,Maharashtra,16.705,74.2433,0.6453231061527278,3.8807470379592446,synthetic_climate_based
2026-06-05,Kolhapur,Maharashtra,16.705,74.2433,0.6197520724672947,12.82990914981303,synthetic_climate_based
2026-06-06,Kolhapur,Maharashtra,16.705,74.2433,0.6274583965495845,12.977483460601798,synthetic_climate_based
2026-06-07,Kolhapur,Maharashtra,16.705,74.2433,0.6588120235735097,1.8163197261174728,synthetic_climate_based
2026-06-08,Kolhapur,Maharashtra,16.705,74.2433,0.6856405266457368,0.022074839694945503,synthetic_climate_based
2026-06-09,Kolhapur,Maharashtra,16.705,74.2433,0.6051019151833539,3.0857092118247573,synthetic_climate_based
2026-06-10,Kolhapur,Maharashtra,16.705,74.2433,0.664247077216118,11.226482846431201,synthetic_climate_based
2026-06-11,Kolhapur,Maharashtra,16.705,74.2433,0.6184803098505799,6.41112242320925,synthetic_climate_based
2026-06-12,Kolhapur,Maharashtra,16.705,74.2433,0.7495752054559722,4.251003625298846,synthetic_climate_based
2026-06-13,Kolhapur,Maharashtra,16.705,74.2433,0.6479599494417049,7.498381186837141,synthetic_climate_based
2026-06-14,Kolhapur,Maharashtra,16.705,74.2433,0.6544951622085282,2.8936751968885774,synthetic_climate_based
2026-06-15,Kolhapur,Maharashtra,16.705,74.2433,0.6564365532338297,8.672334108739225,synthetic_climate_based
2026-06-16,Kolhapur,Maharashtra,16.705,74.2433,0.7847668435688926,3.2096594038554915,synthetic_climate_based
2026-06-17,Kolhapur,Maharashtra,16.705,74.2433,0.6132674229562627,9.163232575335753,synthetic_climate_based
2026-06-18,Kolhapur,Maharashtra,16.705,74.2433,0.7132866011032317,12.621614455534205,synthetic_climate_based
2026-06-19,Kolhapur,Maharashtra,16.705,74.2433,0.7158951226018251,7.062039399411873,synthetic_climate_based
2026-06-20,Kolhapur,Maharashtra,16.705,74.2433,0.7113388435798117,12.083300888426422,synthetic_climate_based
2026-06-21,Kolhapur,Maharashtra,16.705,74.2433,0.70886847586407,14.51046727894272,synthetic_climate_based
2026-06-22,Kolhapur,Maharashtra,16.705,74.2433,0.6707137458799567,1.3671336432987151,synthetic_climate_based
2026-06-23,Kolhapur,Maharashtra,16.705,74.2433,0.6252614850500481,10.166337484656932,synthetic_climate_based
2026-06-24,Kolhapur,Maharashtra,16.705,74.2433,0.7358704486074797,7.781961363798797,synthetic_climate_based
2026-06-25,Kolhapur,Maharashtra,16.705,74.2433,0.6097850403533157,14.995306552141095,synthetic_climate_based
2026-06-26,Kolhapur,Maharashtra,16.705,74.2433,0.5097701175977588,5.159425938545642,synthetic_climate_based
2026-06-27,Kolhapur,Maharashtra,16.705,74.2433,0.6950378083131827,14.832400515362508,synthetic_climate_based
2026-06-28,Kolhapur,Maharashtra,16.705,74.2433,0.6905577286309538,7.268080242251829,synthetic_climate_based
2026-06-29,Kolhapur,Maharashtra,16.705,74.2433,0.6843352812743648,0.9593246233735464,synthetic_climate_based
2026-06-30,Kolhapur,Maharashtra,16.705,74.2433,0.6763613425935793,5.943219764652361,synthetic_climate_based
2026-07-01,Kolhapur,Maharashtra,16.705,74.2433,0.6384295370867216,8.018429183533616,synthetic_climate_based
2026-07-02,Kolhapur,Maharashtra,16.705,74.2433,0.6168608103424952,3.8956455400894505,synthetic_climate_based
2026-07-03,Kolhapur,Maharashtra,16.705,74.2433,0.6246723953104801,2.9185361627807884,synthetic_climate_based
2026-07-04,Kolhapur,Maharashtra,16.705,74.2433,0.6314205987213765,3.313128745904637,synthetic_climate_based
2026-07-05,Kolhapur,Maharashtra,16.705,74.2433,0.6238688918365322,6.16367876428926,synthetic_climate_based
2026-07-06,Kolhapur,Maharashtra,16.705,74.2433,0.6333858979023622,7.935912283691579,synthetic_climate_based
2026-07-07,Kolhapur,Maharashtra,16.705,74.2433,0.6618374807822639,11.756473488237775,synthetic_climate_based
2026-07-08,Kolhapur,Maharashtra,16.705,74.2433,0.7111582969013349,7.836523866485189,synthetic_climate_based
2026-07-09,Kolhapur,Maharashtra,16.705,74.2433,0.6823594728305952,5.013016618510628,synthetic_climate_based
2026-07-10,Kolhapur,Maharashtra,16.705,74.2433,0.6055654732426257,14.590992450222927,synthetic_climate_based
2026-07-11,Kolhapur,Maharashtra,16.705,74.2433,0.6843193382691134,4.826650388029246,synthetic_climate_based
2026-07-12,Kolhapur,Maharashtra,16.705,74.2433,0.6256041580580901,14.090962660866403,synthetic_climate_based
2026-07-13,Kolhapur,Maharashtra,16.705,74.2433,0.651238464709817,0.7729091571530883,synthetic_climate_based
2026-07-14,Kolhapur,Maharashtra,16.705,74.2433,0.6651150012760252,14.136996146797133,synthetic_climate_based
2026-07-15,Kolhapur,Maharashtra,16.705,74.2433,0.7099223692465897,12.970412788447518,synthetic_climate_based
2026-07-16,Kolhapur,Maharashtra,16.705,74.2433,0.7493720453854825,0.3432820678731041,synthetic_climate_based
2026-07-17,Kolhapur,Maharashtra,16.705,74.2433,0.599783846863184,12.576792306362963,synthetic_climate_based
2026-07-18,Kolhapur,Maharashtra,16.705,74.2433,0.7540166968578624,8.598984350071465,synthetic_climate_based
2026-07-19,Kolhapur,Maharashtra,16.705,74.2433,0.6340014293541069,9.84111879913765,synthetic_climate_based
2026-07-20,Kolhapur,Maharashtra,16.705,74.2433,0.612919752422382,10.273966471419149,synthetic_climate_based
2026-07-21,Kolhapur,Maharashtra,16.705,74.2433,0.7160245951191151,9.78656448857408,synthetic_climate_based
2026-07-22,Kolhapur,Maharashtra,16.705,74.2433,0.7232555718049337,5.696901468757129,synthetic_climate_based
2026-07-23,Kolhapur,Maharashtra,16.705,74.2433,0.6837857514104592,4.478865467112741,synthetic_climate_based
2026-07-24,Kolhapur,Maharashtra,16.705,74.2433,0.6459089372510379,1.9157035125912998,synthetic_climate_based
2026-07-25,Kolhapur,Maharashtra,16.705,74.2433,0.6589399569143657,5.348448699580924,synthetic_climate_based
2026-07-26,Kolhapur,Maharashtra,16.705,74.2433,0.6412358994831233,11.443823735203274,synthetic_climate_based
2026-07-27,Kolhapur,Maharashtra,16.705,74.2433,0.5802904762722622,1.3498673290545433,synthetic_climate_based
2026-07-28,Kolhapur,Maharashtra,16.705,74.2433,0.6655909005226859,10.824330418414403,synthetic_climate_based
2026-07-29,Kolhapur,Maharashtra,16.705,74.2433,0.6335652653003714,6.8448784389066555,synthetic_climate_based
2026-07-30,Kolhapur,Maharashtra,16.705,74.2433,0.6394713683417571,2.1980827445437345,synthetic_climate_based
2026-07-31,Kolhapur,Maharashtra,16.705,74.2433,0.6553790299336875,4.155229677530846,synthetic_climate_based
2026-08-01,Kolhapur,Maharashtra,16.705,74.2433,0.595540513378701,12.293129111172545,synthetic_climate_based
2026-08-02,Kolhapur,Maharashtra,16.705,74.2433,0.6254993941297756,8.048647689740283,synthetic_climate_based
2026-08-03,Kolhapur,Maharashtra,16.705,74.2433,0.5731007607973755,6.330094827743526,synthetic_climate_based
2026-08-04,Kolhapur,Maharashtra,16.705,74.2433,0.5668039521191955,10.982335466754913,synthetic_climate_based
2026-08-05,Kolhapur,Maharashtra,16.705,74.2433,0.5306764879818899,2.6450141650692127,synthetic_climate_based
2026-08-06,Kolhapur,Maharashtra,16.705,74.2433,0.6452692726237013,14.037942096823404,synthetic_climate_based
2026-08-07,Kolhapur,Maharashtra,16.705,74.2433,0.6063943576147385,0.4410382676874802,synthetic_climate_based
2026-08-08,Kolhapur,Maharashtra,16.705,74.2433,0.5837957586171949,12.718403175414739,synthetic_climate_based
2026-08-09,Kolhapur,Maharashtra,16.705,74.2433,0.5909117784320185,2.201011223860918,synthetic_climate_based
2026-08-10,Kolhapur,Maharashtra,16.705,74.2433,0.6241984472463342,11.928795343537141,synthetic_climate_based
2026-08-11,Kolhapur,Maharashtra,16.705,74.2433,0.5873740663256145,7.545361514321728,synthetic_climate_based
2026-08-12,Kolhapur,Maharashtra,16.705,74.2433,0.6056813020863536,5.436249297882691,synthetic_climate_based
2026-08-13,Kolhapur,Maharashtra,16.705,74.2433,0.7080751070631549,11.634734141375155,synthetic_climate_based
2026-08-14,Kolhapur,Maharashtra,16.705,74.2433,0.5994915442442112,14.63305716885841,synthetic_climate_based
2026-08-15,Kolhapur,Maharashtra,16.705,74.2433,0.5287720439016482,0.277564840193677,synthetic_climate_based
2026-08-16,Kolhapur,Maharashtra,16.705,74.2433,0.6708574770256384,11.149670450620674,synthetic_climate_based
2026-08-17,Kolhapur,Maharashtra,16.705,74.2433,0.590474896718089,11.086552958285644,synthetic_climate_based
2026-08-18,Kolhapur,Maharashtra,16.705,74.2433,0.6207760614504375,0.7942019977303516,synthetic_climate_based
2026-08-19,Kolhapur,Maharashtra,16.705,74.2433,0.5754165594102044,10.98132545424589,synthetic_climate_based
2026-08-20,Kolhapur,Maharashtra,16.705,74.2433,0.5938741142502812,8.93769323864991,synthetic_climate_based
2026-08-21,Kolhapur,Maharashtra,16.705,74.2433,0.5794628465354164,10.589239705894641,synthetic_climate_based
2026-08-22,Kolhapur,Maharashtra,16.705,74.2433,0.6769728110244821,8.009584958912392,synthetic_climate_based
2026-08-23,Kolhapur,Maharashtra,16.705,74.2433,0.6204433989159399,7.413710828837879,synthetic_climate_based
2026-08-24,Kolhapur,Maharashtra,16.705,74.2433,0.622539855021612,4.909600732054027,synthetic_climate_based
2026-08-25,Kolhapur,Maharashtra,16.705,74.2433,0.575102797366263,1.6071953944062662,synthetic_climate_based
2026-08-26,Kolhapur,Maharashtra,16.705,74.2433,0.5369464608036064,9.271967269659731,synthetic_climate_based
2026-08-27,Kolhapur,Maharashtra,16.705,74.2433,0.5889709209784965,12.350722682699436,synthetic_climate_based
2026-08-28,Kolhapur,Maharashtra,16.705,74.2433,0.6749367928357162,3.369501152338312,synthetic_climate_based
2026-08-29,Kolhapur,Maharashtra,16.705,74.2433,0.5137749659076551,2.5991460824417216,synthetic_climate_based
2026-08-30,Kolhapur,Maharashtra,16.705,74.2433,0.5743121013658813,11.752583291489573,synthetic_climate_based
2026-08-31,Kolhapur,Maharashtra,16.705,74.2433,0.5872258410168805,7.6131541753210445,synthetic_climate_based
2026-09-01,Kolhapur,Maharashtra,16.705,74.2433,0.5713704004592615,0.8519102499911979,synthetic_climate_based
2026-09-02,Kolhapur,Maharashtra,16.705,74.2433,0.5626734001114978,5.40128525766553,synthetic_climate_based
2026-09-03,Kolhapur,Maharashtra,16.705,74.2433,0.6346022250598925,6.382048982469657,synthetic_climate_based
2026-09-04,Kolhapur,Maharashtra,16.705,74.2433,0.5602937476782016,2.1023403286934714,synthetic_climate_based
2026-09-05,Kolhapur,Maharashtra,16.705,74.2433,0.5600175037514343,8.247659516156824,synthetic_climate_based
2026-09-06,Kolhapur,Maharashtra,16.705,74.2433,0.4362158537696895,12.674781173228245,synthetic_climate_based
2026-09-07,Kolhapur,Maharashtra,16.705,74.2433,0.587758607342386,2.9092096734736925,synthetic_climate_based
2026-09-08,Kolhapur,Maharashtra,16.705,74.2433,0.6184802263332935,3.9988387431797587,synthetic_climate_based
2026-09-09,Kolhapur,Maharashtra,16.705,74.2433,0.5808178240918953,1.7978882269854413,synthetic_climate_based
2026-09-10,Kolhapur,Maharashtra,16.705,74.2433,0.6664503734179902,1.4111983397758743,synthetic_climate_based
2026-09-11,Kolhapur,Maharashtra,16.705,74.2433,0.6304326663194455,7.182767521494251,synthetic_climate_based
2026-09-12,Kolhapur,Maharashtra,16.705,74.2433,0.616791830505918,6.588092232490474,synthetic_climate_based
2026-09-13,Kolhapur,Maharashtra,16.705,74.2433,0.5719739240174689,0.5008708991421124,synthetic_climate_based
2026-09-14,Kolhapur,Maharashtra,16.705,74.2433,0.5939225449706405,11.477846221341835,synthetic_climate_based
2026-09-15,Kolhapur,Maharashtra,16.705,74.2433,0.4996187836960982,10.644310058115702,synthetic_climate_based
2026-09-16,Kolhapur,Maharashtra,16.705,74.2433,0.5161834855868238,6.571149869603503,synthetic_climate_based
2026-09-17,Kolhapur,Maharashtra,16.705,74.2433,0.5641480557969272,14.756694329534911,synthetic_climate_based
2026-09-18,Kolhapur,Maharashtra,16.705,74.2433,0.6492277642465579,5.637554039264566,synthetic_climate_based
2026-09-19,Kolhapur,Maharashtra,16.705,74.2433,0.6779213555375466,9.924542782536117,synthetic_climate_based
2026-09-20,Kolhapur,Maharashtra,16.705,74.2433,0.4245367150412923,0.19444115594124955,synthetic_climate_based
2026-09-21,Kolhapur,Maharashtra,16.705,74.2433,0.5429665572887771,2.490315037140217,synthetic_climate_based
2026-09-22,Kolhapur,Maharashtra,16.705,74.2433,0.5881426831327039,1.1168452814169498,synthetic_climate_based
2026-09-23,Kolhapur,Maharashtra,16.705,74.2433,0.5981954110043751,10.432396448068092,synthetic_climate_based
2026-09-24,Kolhapur,Maharashtra,16.705,74.2433,0.5520419871790845,2.398433669436169,synthetic_climate_based
2026-09-25,Kolhapur,Maharashtra,16.705,74.2433,0.47863403087232614,11.754675164960695,synthetic_climate_based
2026-09-26,Kolhapur,Maharashtra,16.705,74.2433,0.5411582855181438,10.743892214816162,synthetic_climate_based
2026-09-27,Kolhapur,Maharashtra,16.705,74.2433,0.5472426525967834,9.87647025301621,synthetic_climate_based
2026-09-28,Kolhapur,Maharashtra,16.705,74.2433,0.5847621855993207,14.93439926439697,synthetic_climate_based
2026-09-29,Kolhapur,Maharashtra,16.705,74.2433,0.5206857173343855,6.972838450800813,synthetic_climate_based
2026-09-30,Kolhapur,Maharashtra,16.705,74.2433,0.5476314673669018,9.990679604412085,synthetic_climate_based
